41 65
66 72
68 74
69 78
69 88
69 91
75 91
78 88
78 91
79 88
79 91
82 88
89 102
89 106
92 99
92 102
92 106
92 117
93 102
98 111
98 117
100 106
103 111
103 113
103 114
103 116
103 117
103 118
103 124
103 125
107 113
107 116
107 117
107 118
114 124
114 125
118 124
125 131
125 132
126 132
130 137
136 148
138 148
144 151
148 155
149 155
149 156
150 156
157 172
158 172
161 172
162 173
165 172
365 371
365 381
369 381
372 378
372 381
372 383
382 390
382 392
383 390
384 390
389 399
389 407
390 399
391 399
391 400
391 404
391 406
391 407
391 410
400 406
400 407
401 407
407 424
407 425
408 425
411 425
418 425
426 441
426 445
426 448
429 441
429 453
430 441
430 445
431 441
431 445
431 448
431 453
442 448
442 453
446 453
