1 7
6 18
6 21
6 25
7 18
7 21
7 25
8 18
8 20
8 21
8 24
8 25
11 18
11 20
11 21
11 23
11 25
19 25
26 32
26 33
27 33
33 40
34 40
34 41
41 49
41 51
42 49
42 51
42 65
49 61
49 65
50 65
52 61
52 65
74 84
76 84
77 84
77 85
77 87
77 88
77 97
85 97
86 97
88 97
89 97
98 104
98 106
98 108
113 120
114 120
117 131
121 131
121 132
132 149
132 150
132 153
150 169
151 162
151 167
151 169
151 170
154 169
169 183
170 183
170 185
170 186
171 183
171 186
184 195
184 208
187 195
187 208
187 209
188 208
194 208
196 208
213 223
224 238
224 239
247 257
247 259
247 260
248 259
248 260
250 257
250 260
253 260
261 275
261 276
261 278
261 281
305 313
305 315
314 327
316 327
317 327
333 356
334 356
334 357
336 356
336 357
336 360
338 357
338 360
339 360
