1 14
3 7
5 14
15 20
19 34
21 30
21 34
22 34
23 34
35 41
35 49
35 52
50 58
62 67
62 68
68 72
72 79
73 79
80 87
83 90
83 91
91 95
91 97
96 100
100 112
101 112
101 113
101 115
104 112
113 117
120 125
120 127
120 132
121 127
122 127
126 132
128 132
136 141
136 142
137 142
142 149
143 149
143 150
150 154
150 156
150 157
151 157
153 157
161 166
166 177
167 177
167 178
167 179
169 177
172 181
178 182
178 185
178 186
178 187
178 188
178 190
180 190
183 190
186 190
206 210
209 214
209 219
213 227
213 228
215 221
215 227
215 228
216 221
216 228
218 227
222 227
222 228
228 240
228 241
228 242
229 240
229 241
229 243
232 240
241 248
243 248
244 248
