19 30
19 31
24 35
31 53
32 46
47 54
55 72
73 80
73 81
73 86
73 87
81 86
81 87
82 87
87 100
87 104
87 106
87 107
88 100
88 106
88 107
96 106
105 114
106 114
108 114
115 120
115 121
115 123
117 124
122 126
124 145
125 139
126 145
127 139
130 133
140 146
147 158
147 159
147 160
162 168
163 168
173 187
174 179
178 186
180 187
180 191
188 203
188 205
188 206
192 205
192 206
204 206
206 209
206 221
207 217
207 220
207 221
209 221
221 225
222 227
225 235
226 234
226 235
228 234
228 235
229 235
236 245
246 253
248 256
249 258
254 261
254 273
259 261
259 273
262 273
274 286
274 289
279 289
290 295
294 301
294 312
295 300
296 302
296 303
296 312
301 314
302 312
303 312
304 312
313 317
313 319
313 321
313 322
322 330
322 332
323 332
323 333
333 349
333 350
334 347
334 349
334 350
342 350
348 362
350 356
351 356
351 361
351 370
352 370
357 361
357 372
362 370
362 372
362 377
370 377
